C	S	T	P	A	G	N	D	E	Q	H	R	K	M	I	L	V	F	Y	W
0.	0.7445907251931415	0.5833305531064883	0.9536790668975006	0.4056700258627298	0.945613177977415	1.1732606567620738	1.1467739759346443	1.4848817226232178	1.3088649783120647	1.141209429059833	1.1596573713966456	1.2144898586332005	0.5204736263486579	0.41743476195319074	0.42724241509084987	0.43583743362896005	0.6215415859835519	0.7645989119024806	0.6792214107796607
0.7445907251931415	0.	0.2592711878651837	0.45182038498764165	0.2695154725316181	0.29679108576674	0.19586184098574128	0.26533256865184035	0.3078328045935687	0.36490861284183274	0.6326842942354922	0.4254474208868111	0.3329887292327081	1.0664289729055625	1.1712265047760073	1.213734190616292	1.0437057979604218	1.4295467644305035	1.3785177947266118	1.3834440119696345
0.5833305531064883	0.2592711878651837	0.	0.5331905374546033	0.35098343261661646	0.7057587868369817	0.47680873411615105	0.5621995436962315	0.6030217885898493	0.64868956983067	0.9700470406271277	0.6235111296518622	0.5789438885589236	0.6768008975804217	0.5797803804117189	0.6240924967219527	0.47767044579538115	1.0290463281347362	1.154618326947752	1.032516947541605
0.9536790668975006	0.45182038498764165	0.5331905374546033	0.	0.5271945414398035	0.584545170977948	0.5582032882132326	0.41585292538681023	0.41680542063977477	0.46900276170230953	0.7429065880209499	0.5793711011091879	0.4461574110032419	0.9984968669281111	1.0630536228876657	1.125828724105403	0.8693662592810594	1.5307907480520853	1.2853545515740066	1.26483640235385
0.4056700258627298	0.2695154725316181	0.35098343261661646	0.5271945414398035	0.	0.43441868132306327	0.7811188118214896	0.7684803197397744	0.719691922912569	0.7424847302251195	1.1051621793129387	0.672058907408975	0.6336065735314158	0.6625929333844905	0.5555440804056035	0.596978117010188	0.4281261241704896	1.0634723139595104	1.2532478830273626	1.2279131152302611
0.945613177977415	0.29679108576674	0.7057587868369817	0.584545170977948	0.43441868132306327	0.	0.3276250665859206	0.4012954631622756	0.5466463664952631	0.6365671997605551	0.6632813092148752	0.6194582357021543	0.6092115491097198	1.4799515113122301	1.5311002222145358	1.6481275670693183	1.3500679360188956	1.2004258092441598	1.1332807167459467	0.8296641849184961
1.1732606567620738	0.19586184098574128	0.47680873411615105	0.5582032882132326	0.7811188118214896	0.3276250665859206	0.	0.1767046586423235	0.23197622644313995	0.28632897583547245	0.3042808669254112	0.2855291401630036	0.28327069734199045	1.3042516258860486	1.4861763293425296	1.5566659438393373	1.460210949792846	1.399581215255555	1.062514494350774	1.310350592097782
1.1467739759346443	0.26533256865184035	0.5621995436962315	0.41585292538681023	0.7684803197397744	0.4012954631622756	0.1767046586423235	0.	0.11418411299812838	0.2873436023168185	0.4854608278413468	0.48695995333601966	0.3703465223775563	1.528897976857629	1.4456592250509301	1.7880198173518271	1.355716191676888	1.4631635377249894	1.2525533999292393	1.306534465671288
1.4848817226232178	0.3078328045935687	0.6030217885898493	0.41680542063977477	0.719691922912569	0.5466463664952631	0.23197622644313995	0.11418411299812838	0.	0.09332329923866983	0.3838829482466188	0.2453571873830541	0.16225412858498942	1.192462493465412	1.468266521942015	1.5116624603006403	1.2583200823227818	1.4681589698517494	1.0595061490606685	1.1793830853355787
1.3088649783120647	0.36490861284183274	0.64868956983067	0.46900276170230953	0.7424847302251195	0.6365671997605551	0.28632897583547245	0.2873436023168185	0.09332329923866983	0.	0.37911446616090655	0.15669970122601648	0.13895833326571175	0.7991607248027464	1.3967586131359762	1.1793188708307747	1.2069447370321174	1.353679721462435	0.894325327120764	0.9771078196208207
1.141209429059833	0.6326842942354922	0.9700470406271277	0.7429065880209499	1.1051621793129387	0.6632813092148752	0.3042808669254112	0.4854608278413468	0.3838829482466188	0.37911446616090655	0.	0.37978347429698733	0.49544986426346854	1.0967392212581186	1.246732427042525	1.236226179948795	1.3473360408391801	0.6527074643564713	0.3312423314639015	0.7071616365729455
1.1596573713966456	0.4254474208868111	0.6235111296518622	0.5793711011091879	0.672058907408975	0.6194582357021543	0.2855291401630036	0.48695995333601966	0.2453571873830541	0.15669970122601648	0.37978347429698733	0.	0.07960019724064296	0.8240918145836601	1.3155598164413367	1.0477266640836362	1.2420180539760046	1.301246940277321	0.9539353002715849	1.0655522657902157
1.2144898586332005	0.3329887292327081	0.5789438885589236	0.4461574110032419	0.6336065735314158	0.6092115491097198	0.28327069734199045	0.3703465223775563	0.16225412858498942	0.13895833326571175	0.49544986426346854	0.07960019724064296	0.	0.866656480011727	1.3206648428002792	1.1099064715334035	1.138079462245268	1.468770902262258	1.1057342048910421	1.17845538387044
0.5204736263486579	1.0664289729055625	0.6768008975804217	0.9984968669281111	0.6625929333844905	1.4799515113122301	1.3042516258860486	1.528897976857629	1.192462493465412	0.7991607248027464	1.0967392212581186	0.8240918145836601	0.866656480011727	0.	0.1433865591718534	0.06704233290716981	0.16695266263581804	0.3670123903139467	0.5679549613258561	0.6014672117234536
0.41743476195319074	1.1712265047760073	0.5797803804117189	1.0630536228876657	0.5555440804056035	1.5311002222145358	1.4861763293425296	1.4456592250509301	1.468266521942015	1.3967586131359762	1.246732427042525	1.3155598164413367	1.3206648428002792	0.1433865591718534	0.	0.04834758036327375	0.025010157749311788	0.3148649501366646	0.5511277758714904	0.7517215211085267
0.42724241509084987	1.213734190616292	0.6240924967219527	1.125828724105403	0.596978117010188	1.6481275670693183	1.5566659438393373	1.7880198173518271	1.5116624603006403	1.1793188708307747	1.236226179948795	1.0477266640836362	1.1099064715334035	0.06704233290716981	0.04834758036327375	0.	0.08988118899900391	0.29585564517735996	0.5195908288626702	0.6283518017201066
0.43583743362896005	1.0437057979604218	0.47767044579538115	0.8693662592810594	0.4281261241704896	1.3500679360188956	1.460210949792846	1.355716191676888	1.2583200823227818	1.2069447370321174	1.3473360408391801	1.2420180539760046	1.138079462245268	0.16695266263581804	0.025010157749311788	0.08988118899900391	0.	0.4375667952382366	0.6585939293380183	0.8443478939008526
0.6215415859835519	1.4295467644305035	1.0290463281347362	1.5307907480520853	1.0634723139595104	1.2004258092441598	1.399581215255555	1.4631635377249894	1.4681589698517494	1.353679721462435	0.6527074643564713	1.301246940277321	1.468770902262258	0.3670123903139467	0.3148649501366646	0.29585564517735996	0.4375667952382366	0.	0.0983657441043257	0.24408658316693743
0.7645989119024806	1.3785177947266118	1.154618326947752	1.2853545515740066	1.2532478830273626	1.1332807167459467	1.062514494350774	1.2525533999292393	1.0595061490606685	0.894325327120764	0.3312423314639015	0.9539353002715849	1.1057342048910421	0.5679549613258561	0.5511277758714904	0.5195908288626702	0.6585939293380183	0.0983657441043257	0.	0.21486106810968106
0.6792214107796607	1.3834440119696345	1.032516947541605	1.26483640235385	1.2279131152302611	0.8296641849184961	1.310350592097782	1.306534465671288	1.1793830853355787	0.9771078196208207	0.7071616365729455	1.0655522657902157	1.17845538387044	0.6014672117234536	0.7517215211085267	0.6283518017201066	0.8443478939008526	0.24408658316693743	0.21486106810968106	0.